0 0
4 0
244 0
256 0
268 0
280 0
284 0
484 0
488 0
492 0
496 0
500 0
512 0
516 0
528 0
540 0
552 0
564 0
572 0
580 0
584 0
596 0
608 0
620 0
632 0
644 0
656 0
676 0
1396 0
1400 1078530011
1404 1124073472
1408 1063675494
1412 1125515264
1416 3272998912
1420 1036831949
1424 3221225472
1428 998244352
1432 1101004800
1436 1028443341
1440 1048576000
1444 1092616192
1448 1050253722
1452 1132396544
1456 1041865114
1460 1078530011
1464 1106247680
1468 1097859072
1472 953267991
1476 1287568416
1480 1315859240
1484 3184315597
1488 1008981770
1492 3192704205
1496 1073741824
1500 3276275712
1504 1128792064
1508 1016003125
1512 3212836864
1516 1054086093
1520 1031137221
1524 1035458158
1528 1038323256
1532 1041385765
1536 1045220557
1540 1051372202
1544 1061752795
1548 1070141403
1552 984842502
1556 1026205577
1560 1056964608
1564 1065353216
1568 961373366
1572 1007191654
1576 1042983596
1580 0
